question_id,f0,f1,f2,f3,f4,f5,f6,f7,f8,f9,f10,f11,f12,f13,f14,f15,f16,f17,f18,f19,f20,r1,r2,s,ground_truth
e5dd1fe5-dc52-45a5-ad3a-9f870f78d669,6.263894,0.10204828,0.49202046,0.33400977,0.0,0.0,0.0,0.0,0.0,0.0,0.0,0.0,0.52601284,0.044850696,0.0,0.044850696,6.0101767,0.04351931,0.4760924,0.26518038,0.53846157,0,0.6931471805599453,12.800083,2
e5dd1fe5-dc52-45a5-ad3a-9f870f78d669,5.551926,1.6831615,0.7212401,1.8441738,0.0,0.0,0.0,0.0,0.0,0.0,0.0,0.0,0.9051672,0.5040841,0.0,0.5040841,5.2053304,1.3325958,0.7508136,1.4471766,0.53846157,1,0.4054651081081644,11.662424,0
e5dd1fe5-dc52-45a5-ad3a-9f870f78d669,5.1239867,1.0915074,0.0,1.0915074,0.0,0.0,0.0,0.0,0.0,0.0,0.0,0.0,1.0868857,0.35135287,0.0,0.35135287,4.733466,0.63688457,0.0,0.63688457,0.3846154,2,0.2876820724517809,10.944339,3
e5dd1fe5-dc52-45a5-ad3a-9f870f78d669,5.3929024,0.4556583,1.8099908,0.6136242,0.0,0.0,0.0,0.0,0.0,0.0,0.0,0.0,0.0,0.0,0.0,0.0,5.398552,0.5282063,1.809369,0.68397796,0.3846154,3,0.22314355131420976,10.791454,0
e5dd1fe5-dc52-45a5-ad3a-9f870f78d669,4.5504246,0.7278148,0.20847933,0.9025929,0.0,0.0,0.0,0.0,0.0,0.0,0.0,0.0,0.504913,0.30038422,0.12985359,0.35498467,4.0782247,0.30803967,0.04519039,0.39118004,0.3846154,4,0.18232155679395462,9.133562,0
e5dd1fe5-dc52-45a5-ad3a-9f870f78d669,4.488375,1.2692058,0.3420369,1.2999871,0.0,0.0,0.0,0.0,0.0,0.0,0.0,0.0,0.17886612,0.086749226,0.0,0.086749226,4.43974,1.2075357,0.38141635,1.242501,0.3846154,5,0.1541506798272583,9.106981,2
e5dd1fe5-dc52-45a5-ad3a-9f870f78d669,4.4506755,0.0,1.8559098,0.0,0.0,0.0,0.0,0.0,0.0,0.0,0.0,0.0,0.0,0.0,0.0,0.0,4.355422,0.0,1.7506988,0.0,0.53846157,6,0.13353139262452263,8.806097,0
e5dd1fe5-dc52-45a5-ad3a-9f870f78d669,4.1441875,0.0,1.9438019,0.0,0.0,0.0,0.0,0.0,0.0,0.0,0.0,0.0,0.042764068,0.0,0.0,0.0,3.962243,0.0,1.8433291,0.0,0.23076925,7,0.11778303565638346,8.149195,0
e5dd1fe5-dc52-45a5-ad3a-9f870f78d669,4.154752,0.0,0.0,0.0,0.0,0.0,0.0,0.0,0.0,0.0,0.0,0.0,0.16305664,0.0,0.0,0.015187012,3.778102,0.0,0.0,0.0,0.4615385,8,0.1053605156578263,8.09591,0
e5dd1fe5-dc52-45a5-ad3a-9f870f78d669,3.4563477,0.30029476,1.2555346,0.30029476,0.0,0.0,0.0,0.0,0.0,0.0,0.0,0.0,1.043098,0.086749226,0.0,0.086749226,2.9001515,0.10111141,0.5277358,0.10111141,0.30769232,9,0.09531017980432487,7.399597,0
32297dc7-4dbf-48cf-8f62-5e7b6abcde20,6.906097,3.8354604,1.2512708,4.125019,0.0,0.0,0.0,0.0,0.0,0.0,0.0,0.0,0.5651893,0.18588918,0.12268247,0.18588918,6.6098814,3.6973531,1.1475378,4.0043716,0.7777778,0,0.6931471805599453,14.081167,4
32297dc7-4dbf-48cf-8f62-5e7b6abcde20,4.9100375,0.7278148,0.20847933,0.9025929,0.0,0.0,0.0,0.0,0.0,0.0,0.0,0.0,0.66264826,0.30038422,0.12985359,0.35498467,4.3175073,0.30803967,0.04519039,0.39118004,0.6666667,1,0.4054651081081644,9.890193,0
32297dc7-4dbf-48cf-8f62-5e7b6abcde20,4.6170917,2.2356303,0.4636074,2.367042,0.0,0.0,0.0,0.0,0.0,0.0,0.0,0.0,1.384527,0.7867126,0.16667272,0.7867126,3.6722581,1.2652788,0.17263533,1.2652788,0.5555556,2,0.2876820724517809,9.673877,4
32297dc7-4dbf-48cf-8f62-5e7b6abcde20,3.986318,0.0,0.0,0.0,0.0,0.0,0.0,0.0,0.0,0.0,0.0,0.0,0.46018606,0.0,0.0,0.0,3.9546618,0.0,0.0,0.0,0.5555556,3,0.22314355131420976,8.401166,2
32297dc7-4dbf-48cf-8f62-5e7b6abcde20,3.9752536,0.0,0.0,0.0,0.0,0.0,0.0,0.0,0.0,0.0,0.0,0.0,0.2648367,0.0,0.0,0.0,3.928988,0.0,0.0,0.0,0.33333334,4,0.18232155679395462,8.169078,0
32297dc7-4dbf-48cf-8f62-5e7b6abcde20,3.590536,0.0,0.0,0.0,0.0,0.0,0.0,0.0,0.0,0.0,0.0,0.0,0.8657896,0.0,0.0,0.0,3.4377975,0.0,0.0,0.0,0.33333334,5,0.1541506798272583,7.894123,3
32297dc7-4dbf-48cf-8f62-5e7b6abcde20,2.9730237,0.0,0.0,0.0,0.0,0.0,0.0,0.0,0.0,0.0,0.0,0.0,1.3734353,0.0,0.0,0.0,2.6910129,0.0,0.0,0.0,0.33333334,6,0.13353139262452263,7.037472,0
32297dc7-4dbf-48cf-8f62-5e7b6abcde20,3.4487119,0.8870375,0.0,0.8870375,0.0,0.0,0.0,0.0,0.0,0.0,0.0,0.0,0.0,0.0,0.0,0.0,3.5683422,0.9214878,0.0,0.9214878,0.6666667,7,0.11778303565638346,7.017054,1
32297dc7-4dbf-48cf-8f62-5e7b6abcde20,3.2557158,0.0,0.00719057,0.0,0.0,0.0,0.0,0.0,0.0,0.0,0.0,0.0,0.5961242,0.0,0.03826776,0.0,2.691106,0.0,0.0,0.0,0.44444445,8,0.1053605156578263,6.542946,0
32297dc7-4dbf-48cf-8f62-5e7b6abcde20,2.9641871,0.0,0.0,0.0,0.0,0.0,0.0,0.0,0.0,0.0,0.0,0.0,0.8589441,0.0,0.0,0.0,2.6906884,0.0,0.0,0.0,0.33333334,9,0.09531017980432487,6.5138197,0
884db713-25e9-47db-a2af-f484fc3cfed5,11.282657,8.126249,4.886059,8.126249,0.0,0.0,0.0,0.0,0.0,0.0,0.0,0.0,3.5918145,2.7843428,1.5744376,2.7843428,9.579102,6.0991783,3.3263857,6.0991783,0.3888889,0,0.6931471805599453,24.453573,2
884db713-25e9-47db-a2af-f484fc3cfed5,10.654238,8.893368,4.7702,8.893368,0.0,0.0,0.0,0.0,0.0,0.0,0.0,0.0,3.551288,2.7578292,1.3119136,2.7578292,9.206509,7.1393223,3.7950296,7.1393223,0.33333334,1,0.4054651081081644,23.412035,0
884db713-25e9-47db-a2af-f484fc3cfed5,9.628747,1.489716,1.0976338,2.0152586,0.0,0.0,0.0,0.0,0.0,0.0,0.0,0.0,1.1940064,0.0,0.0,0.0,9.305891,1.5883677,1.1710026,2.1268516,0.44444445,2,0.2876820724517809,20.128645,0
884db713-25e9-47db-a2af-f484fc3cfed5,7.7093935,2.846795,0.0,2.8947582,0.0,0.0,0.0,0.0,0.0,0.0,0.0,0.0,1.0379978,0.6069199,0.0,0.6069199,7.4835854,2.614448,0.0,2.669762,0.33333334,3,0.22314355131420976,16.230976,0
884db713-25e9-47db-a2af-f484fc3cfed5,6.545781,0.0,0.0,0.0,0.0,0.0,0.0,0.0,0.0,0.0,0.0,0.0,0.018431928,0.0,0.0,0.0,6.4747305,0.0,0.0,0.0,0.2777778,4,0.18232155679395462,13.038943,0
884db713-25e9-47db-a2af-f484fc3cfed5,5.701175,1.0715098,0.0,1.0715098,0.0,0.0,0.0,0.0,0.0,0.0,0.0,0.0,1.6521056,0.31125867,0.0,0.31125867,4.9356623,0.73714167,0.0,0.73714167,0.2777778,5,0.1541506798272583,12.288943,0
884db713-25e9-47db-a2af-f484fc3cfed5,5.3358974,2.2173567,0.19245121,2.2173567,0.0,0.0,0.0,0.0,0.0,0.0,0.0,0.0,1.6661185,0.5915607,0.0,0.5915607,4.799168,1.9273716,0.24453321,1.9273716,0.16666667,6,0.13353139262452263,11.801184,0
884db713-25e9-47db-a2af-f484fc3cfed5,5.7283335,2.4870188,1.3536093,2.6753662,0.0,0.0,0.0,0.0,0.0,0.0,0.0,0.0,0.01937234,0.0,0.0,0.0,5.9817677,2.643259,1.4837143,2.8640695,0.33333334,7,0.11778303565638346,11.729473,0
884db713-25e9-47db-a2af-f484fc3cfed5,5.077269,0.19245121,0.19245121,0.70671475,0.0,0.0,0.0,0.0,0.0,0.0,0.0,0.0,1.6606894,0.0,0.0,0.18340237,4.202829,0.2028243,0.2028243,0.46620268,0.2777778,8,0.1053605156578263,10.940787,0
884db713-25e9-47db-a2af-f484fc3cfed5,5.440903,1.1027555,0.18834731,1.3256577,0.0,0.0,0.0,0.0,0.0,0.0,0.0,0.0,0.0,0.0,0.0,0.0,5.480377,1.106312,0.19740282,1.3331517,0.3888889,9,0.09531017980432487,10.92128,0
ba9eff1b-720a-41fd-87ef-c241caf08779,17.066225,12.813537,9.002568,14.294099,0.0,0.0,0.0,0.0,0.0,0.0,0.0,0.0,6.3882647,4.5731306,2.5662441,4.5731306,14.789823,10.711449,5.909438,11.437507,0.6923077,0,0.6931471805599453,38.244312,0
ba9eff1b-720a-41fd-87ef-c241caf08779,11.471096,0.0,0.0,1.5132122,0.0,0.0,0.0,0.0,0.0,0.0,0.0,0.0,0.4166309,0.0,0.0,0.0,11.364797,0.058976293,0.0,1.668116,0.30769232,1,0.4054651081081644,23.252523,0
ba9eff1b-720a-41fd-87ef-c241caf08779,9.671132,0.8179074,1.7038887,0.8179074,0.0,0.0,0.0,0.0,0.0,0.0,0.0,0.0,1.9376662,0.0,0.0,0.0,9.048565,0.880432,1.684169,0.880432,0.3846154,2,0.2876820724517809,20.657364,0
ba9eff1b-720a-41fd-87ef-c241caf08779,8.977948,2.3647983,2.491105,2.5625696,0.0,0.0,0.0,0.0,0.0,0.0,0.0,0.0,1.6212838,0.7174969,0.18411902,0.7174969,7.4621058,1.6132753,2.2984908,1.8126476,0.53846157,3,0.22314355131420976,18.061338,2
ba9eff1b-720a-41fd-87ef-c241caf08779,8.808525,2.6131985,1.7029164,2.7935672,0.0,0.0,0.0,0.0,0.0,0.0,0.0,0.0,1.4261942,0.65541875,0.18411902,0.65541875,7.752988,1.9234488,1.5119774,2.1058197,0.4615385,4,0.18232155679395462,17.987707,2
ba9eff1b-720a-41fd-87ef-c241caf08779,8.652177,0.0,0.5826919,0.0,0.0,0.0,0.0,0.0,0.0,0.0,0.0,0.0,0.0,0.0,0.0,0.0,8.382654,0.0,0.54046077,0.0,0.4615385,5,0.1541506798272583,17.034832,0
ba9eff1b-720a-41fd-87ef-c241caf08779,7.2876787,0.0,0.0,0.0,0.0,0.0,0.0,0.0,0.0,0.0,0.0,0.0,2.1507206,0.024461348,0.0,0.024461348,6.2573395,0.0,0.0,0.0,0.53846157,6,0.13353139262452263,15.695739,0
ba9eff1b-720a-41fd-87ef-c241caf08779,7.452524,0.22277442,0.88015455,0.22277442,0.0,0.0,0.0,0.0,0.0,0.0,0.0,0.0,0.10619676,0.0,0.0,0.0,7.1738772,0.20672745,0.90159225,0.20672745,0.53846157,7,0.11778303565638346,14.732598,0
ba9eff1b-720a-41fd-87ef-c241caf08779,7.46525,1.5885097,0.25789565,1.9153615,0.0,0.0,0.0,0.0,0.0,0.0,0.0,0.0,0.09388913,0.0,0.0,0.0,7.0141377,1.5180879,0.24454054,1.8187914,0.61538464,8,0.1053605156578263,14.5732765,0
ba9eff1b-720a-41fd-87ef-c241caf08779,6.8961186,0.9792,0.0,1.1160128,0.0,0.0,0.0,0.0,0.0,0.0,0.0,0.0,0.99733067,0.31282288,0.0,0.31282288,6.3684783,0.73562884,0.0,0.8809645,0.3846154,9,0.09531017980432487,14.261928,0
5701b9f8-4960-451f-ad9f-b0ba96da45b1,7.009319,0.7138481,0.0,0.7138481,0.0,0.0,0.0,0.0,0.0,0.0,0.0,0.0,2.7312837,0.16871351,0.0,0.16871351,5.967742,0.6166215,0.0,0.6166215,0.25,0,0.6931471805599453,15.708344,0
5701b9f8-4960-451f-ad9f-b0ba96da45b1,6.3848543,0.0,0.0,0.0,0.0,0.0,0.0,0.0,0.0,0.0,0.0,0.0,3.217325,0.0,0.0,0.0,5.6706104,0.0,0.0,0.0,0.33333334,1,0.4054651081081644,15.27279,0
5701b9f8-4960-451f-ad9f-b0ba96da45b1,5.838519,0.0,0.0,0.0,0.0,0.0,0.0,0.0,0.0,0.0,0.0,0.0,0.0,0.0,0.0,0.0,6.3995795,0.0,0.0,0.0,0.4166667,2,0.2876820724517809,12.238098,0
5701b9f8-4960-451f-ad9f-b0ba96da45b1,5.5801053,0.51682293,0.0,0.9294416,0.0,0.0,0.0,0.0,0.0,0.0,0.0,0.0,0.05309838,0.0,0.0,0.0,5.8105516,0.49319774,0.0,0.9965631,0.5,3,0.22314355131420976,11.443755,0
5701b9f8-4960-451f-ad9f-b0ba96da45b1,5.3291807,0.0,0.0,0.0,0.0,0.0,0.0,0.0,0.0,0.0,0.0,0.0,0.0,0.0,0.0,0.0,5.56795,0.0,0.0,0.0,0.4166667,4,0.18232155679395462,10.897131,0
5701b9f8-4960-451f-ad9f-b0ba96da45b1,6.408003,0.4896,0.04652398,0.5580064,1.5524687,0.0,0.0,0.0,0.0,0.0,0.0,0.0,0.54130834,0.15641144,0.039049678,0.15641144,2.323413,0.36781442,0.021652205,0.44048226,0.5833334,5,0.1541506798272583,10.825192,0
5701b9f8-4960-451f-ad9f-b0ba96da45b1,4.7919436,0.55789524,0.0,0.6178843,0.0,0.0,0.0,0.0,0.0,0.0,0.0,0.0,0.3524438,0.0034797927,0.0,0.0034797927,4.2767076,0.53320366,0.0,0.5916695,0.75,6,0.13353139262452263,9.421095,4
5701b9f8-4960-451f-ad9f-b0ba96da45b1,4.3499656,0.0,0.0,0.64077556,0.0,0.0,0.0,0.0,0.0,0.0,0.0,0.0,0.0,0.0,0.0,0.0,4.747559,0.0,0.0,0.7642706,0.25,7,0.11778303565638346,9.097525,0
5701b9f8-4960-451f-ad9f-b0ba96da45b1,4.284433,0.0,0.0,0.0,0.0,0.0,0.0,0.0,0.0,0.0,0.0,0.0,0.0,0.0,0.0,0.0,4.6398516,0.0,0.0,0.0,0.16666667,8,0.1053605156578263,8.924284,0
5701b9f8-4960-451f-ad9f-b0ba96da45b1,4.0117497,0.0,0.0,0.0,0.0,0.0,0.0,0.0,0.0,0.0,0.0,0.0,0.0,0.0,0.0,0.0,4.4253836,0.0,0.0,0.0,0.083333336,9,0.09531017980432487,8.437134,0
47a856fa-d128-4858-a67a-1bc4d94b20ec,3.9424508,2.1629775,0.82592005,2.1629775,0.36402884,0.0,0.0,0.0,0.0,0.0,0.0,0.0,0.7902228,0.43868074,0.1509178,0.4419012,3.226473,1.857465,0.61421525,1.857465,0.8571429,0,0.6931471805599453,8.323175,3
47a856fa-d128-4858-a67a-1bc4d94b20ec,3.2565017,1.5822016,1.133606,1.5934174,0.0,0.0,0.0,0.0,0.0,0.0,0.0,0.0,0.7902228,0.4683653,0.30120704,0.4683653,2.8424258,0.97491676,0.6916145,0.9873307,0.5714286,1,0.4054651081081644,6.88915,3
47a856fa-d128-4858-a67a-1bc4d94b20ec,3.3324234,1.3570788,0.6487277,1.3570788,0.0,0.0,0.0,0.0,0.0,0.0,0.0,0.0,0.13257068,0.052467734,0.0,0.052467734,3.2785783,1.3380058,0.25766453,1.3380058,0.5714286,2,0.2876820724517809,6.743572,0
47a856fa-d128-4858-a67a-1bc4d94b20ec,2.952949,1.3232821,0.27917892,1.3232821,0.0,0.0,0.0,0.0,0.0,0.0,0.0,0.0,0.66022015,0.37476802,0.0,0.37476802,2.9454284,1.0540171,0.35051724,1.0540171,0.5714286,3,0.22314355131420976,6.5585976,0
47a856fa-d128-4858-a67a-1bc4d94b20ec,3.1246364,0.33707044,0.12770906,0.4647795,0.0,0.0,0.0,0.0,0.0,0.0,0.0,0.0,0.15407918,0.052467734,0.003494346,0.06062855,3.1506605,0.32033065,0.17147793,0.4918086,0.8571429,4,0.18232155679395462,6.429376,0
47a856fa-d128-4858-a67a-1bc4d94b20ec,3.0337305,1.7172253,1.2348101,1.7172253,0.0,0.0,0.0,0.0,0.0,0.0,0.0,0.0,0.79645365,0.4538872,0.23358193,0.4538872,2.5463715,1.1957328,0.9844495,1.1957328,0.5714286,5,0.1541506798272583,6.3765554,3
47a856fa-d128-4858-a67a-1bc4d94b20ec,2.6651561,0.0,0.0,0.0,0.0,0.0,0.0,0.0,0.0,0.0,0.0,0.0,0.5998645,0.0,0.0,0.0,2.5637543,0.0,0.0,0.0,0.14285715,6,0.13353139262452263,5.828775,0
47a856fa-d128-4858-a67a-1bc4d94b20ec,2.623222,0.021353483,0.0,0.021353483,0.0,0.0,0.0,0.0,0.0,0.0,0.0,0.0,0.6490684,0.0,0.0,0.0,2.460866,0.029800627,0.0,0.029800627,0.42857146,7,0.11778303565638346,5.7331567,0
47a856fa-d128-4858-a67a-1bc4d94b20ec,2.4282465,0.78530777,0.0,0.78530777,0.0,0.0,0.0,0.0,0.0,0.0,0.0,0.0,0.6437806,0.0,0.0,0.0,2.286824,0.8799751,0.0,0.8799751,0.2857143,8,0.1053605156578263,5.358851,0
47a856fa-d128-4858-a67a-1bc4d94b20ec,2.3486273,0.8648079,0.0,0.8648079,0.0,0.0,0.0,0.0,0.0,0.0,0.0,0.0,0.655367,0.0,0.0,0.0,2.0457168,0.92721367,0.0,0.92721367,0.2857143,9,0.09531017980432487,5.049711,0
98596d59-380c-4dac-a3cd-2354d7ca90d5,8.17575,4.6082296,1.2168185,5.0343375,0.0,0.0,0.0,0.0,0.0,0.0,0.0,0.0,0.7006867,0.38372195,0.0,0.38372195,7.7107964,4.1401596,1.1265923,4.573801,0.54545456,0,0.6931471805599453,16.587233,0
98596d59-380c-4dac-a3cd-2354d7ca90d5,6.4629893,2.73659,1.263881,2.9599948,0.0,0.0,0.0,0.0,0.0,0.0,0.0,0.0,1.4796013,0.8796769,0.26033837,0.8796769,5.674129,2.051646,1.0248137,2.3166745,0.54545456,1,0.4054651081081644,13.616719,2
98596d59-380c-4dac-a3cd-2354d7ca90d5,5.585101,1.8037326,0.0,1.8037326,0.0,0.0,0.0,0.0,0.0,0.0,0.0,0.0,1.9957864,0.36569184,0.0,0.36569184,4.8733015,1.4487588,0.0,1.4487588,0.36363637,2,0.2876820724517809,12.454189,0
98596d59-380c-4dac-a3cd-2354d7ca90d5,4.773833,1.4325504,0.048381757,1.4398696,0.0,0.0,0.0,0.0,0.0,0.0,0.0,0.0,2.4100285,1.8056992,0.14785156,1.8056992,3.7485309,0.6414476,0.0,0.6414476,0.36363637,3,0.22314355131420976,10.932392,0
98596d59-380c-4dac-a3cd-2354d7ca90d5,4.867316,2.195141,0.0,2.195141,0.0,0.0,0.0,0.0,0.0,0.0,0.0,0.0,1.7233281,0.40585664,0.0,0.40585664,3.9858131,1.923671,0.0,1.923671,0.27272728,4,0.18232155679395462,10.576457,0
98596d59-380c-4dac-a3cd-2354d7ca90d5,4.9327965,2.2126276,0.53466934,2.2788537,0.0,0.0,0.0,0.0,0.0,0.0,0.0,0.0,0.1766272,0.0,0.0,0.0,4.9194903,2.3046129,0.63716435,2.3706834,0.36363637,5,0.1541506798272583,10.028914,0
98596d59-380c-4dac-a3cd-2354d7ca90d5,4.8124146,0.6171162,0.0,0.6171162,0.0,0.0,0.0,0.0,0.0,0.0,0.0,0.0,0.5083415,0.17624776,0.0,0.17624776,4.377396,0.37529305,0.0,0.37529305,0.36363637,6,0.13353139262452263,9.698153,0
98596d59-380c-4dac-a3cd-2354d7ca90d5,4.1874094,2.0008957,0.0,2.0008957,0.0,0.0,0.0,0.0,0.0,0.0,0.0,0.0,0.87579656,0.37799945,0.0,0.37799945,3.8503973,1.809401,0.0,1.809401,0.36363637,7,0.11778303565638346,8.913603,0
98596d59-380c-4dac-a3cd-2354d7ca90d5,4.1874094,2.0008957,0.0,2.0008957,0.0,0.0,0.0,0.0,0.0,0.0,0.0,0.0,0.87579656,0.37799945,0.0,0.37799945,3.8503973,1.809401,0.0,1.809401,0.36363637,8,0.1053605156578263,8.913603,0
98596d59-380c-4dac-a3cd-2354d7ca90d5,4.0861697,1.2865193,0.0,1.2865193,0.0,0.0,0.0,0.0,0.0,0.0,0.0,0.0,0.87579656,0.37799945,0.0,0.37799945,3.3441386,0.762411,0.0,0.762411,0.45454547,9,0.09531017980432487,8.306105,0
aa279587-43f5-4832-b447-0a4e50596245,7.583685,8.210345,3.7380197,8.210345,0.0,0.0,0.0,0.0,0.0,0.0,0.0,0.0,2.420951,2.420724,1.1572315,2.420724,6.644547,7.039189,2.857124,7.039189,0.6363636,0,0.6931471805599453,16.649183,0
aa279587-43f5-4832-b447-0a4e50596245,4.3658056,0.9535168,0.0,0.9535168,0.0,0.0,0.0,0.0,0.0,0.0,0.0,0.0,0.0,0.0,0.0,0.0,4.2564006,0.97414386,0.0,0.97414386,0.45454547,1,0.4054651081081644,8.622206,0
aa279587-43f5-4832-b447-0a4e50596245,4.3269277,2.0830696,0.0,2.0830696,0.0,0.0,0.0,0.0,0.0,0.0,0.0,0.0,0.15487406,0.0,0.0,0.0,4.1275263,2.1056828,0.0,2.1056828,0.36363637,2,0.2876820724517809,8.609328,0
aa279587-43f5-4832-b447-0a4e50596245,3.6632788,0.0,0.0,0.0,0.0,0.0,0.0,0.0,0.0,0.0,0.0,0.0,1.324643,0.0,0.0,0.0,3.4355361,0.0,0.0,0.0,0.27272728,3,0.22314355131420976,8.423458,0
aa279587-43f5-4832-b447-0a4e50596245,3.70319,2.1664875,0.40638092,2.1664875,0.0,0.0,0.0,0.0,0.0,0.0,0.0,0.0,1.1040332,0.6618799,0.0,0.6618799,3.2718716,1.8030534,0.4413977,1.8030534,0.36363637,4,0.18232155679395462,8.079095,1
aa279587-43f5-4832-b447-0a4e50596245,3.6299205,2.3156362,0.0,2.3156362,0.0,0.0,0.0,0.0,0.0,0.0,0.0,0.0,1.1097556,0.6676024,0.0,0.6676024,3.2688007,2.0582366,0.0,2.0582366,0.36363637,5,0.1541506798272583,8.008477,0
aa279587-43f5-4832-b447-0a4e50596245,3.65639,0.9535168,0.65865713,1.2172052,0.0,0.0,0.0,0.0,0.0,0.0,0.0,0.0,0.0,0.0,0.0,0.0,3.6167324,0.97414386,0.66049296,1.2422442,0.6363636,6,0.13353139262452263,7.2731223,0
aa279587-43f5-4832-b447-0a4e50596245,3.0138822,1.3975008,0.0,1.3975008,0.0,0.0,0.0,0.0,0.0,0.0,0.0,0.0,1.1040332,0.6618799,0.0,0.6618799,2.8406932,0.97414386,0.0,0.97414386,0.45454547,7,0.11778303565638346,6.9586086,2
aa279587-43f5-4832-b447-0a4e50596245,3.119908,0.19962211,0.25074187,0.19962211,0.0,0.0,0.0,0.0,0.0,0.0,0.0,0.0,0.8155999,0.0,0.0,0.0,2.856221,0.24647692,0.27873296,0.24647692,0.45454547,8,0.1053605156578263,6.791729,2
aa279587-43f5-4832-b447-0a4e50596245,3.3707886,0.0,0.38544992,0.0,0.0,0.0,0.0,0.0,0.0,0.0,0.0,0.0,0.13277346,0.0,0.0,0.0,3.19913,0.0,0.37306526,0.0,0.54545456,9,0.09531017980432487,6.702692,0
b3f85c39-fe37-41df-94fc-c668ab798779,7.276878,5.268438,3.3722804,5.48072,0.0,0.0,0.0,0.0,0.0,0.0,0.0,0.0,2.6809354,1.9750232,1.2055962,1.9750232,5.6568327,3.165043,1.929065,3.4579587,0.8,0,0.6931471805599453,15.614646,0
b3f85c39-fe37-41df-94fc-c668ab798779,4.4455166,2.031683,0.0,2.1020942,0.0,0.0,0.0,0.0,0.0,0.0,0.0,0.0,0.69890475,0.3699149,0.0,0.3699149,4.286447,1.6673999,0.0,1.6673999,0.6,1,0.4054651081081644,9.430868,0
b3f85c39-fe37-41df-94fc-c668ab798779,4.108423,2.597949,2.0237422,2.597949,0.0,0.0,0.0,0.0,0.0,0.0,0.0,0.0,0.0,0.0,0.0,0.0,4.2476964,2.7625992,2.1107388,2.7625992,0.3,2,0.2876820724517809,8.356119,1
b3f85c39-fe37-41df-94fc-c668ab798779,3.7224085,0.0,0.0,0.0,0.0,0.0,0.0,0.0,0.0,0.0,0.0,0.0,0.48635274,0.0,0.0,0.0,3.5756652,0.0,0.0,0.0,0.4,3,0.22314355131420976,7.7844267,0
b3f85c39-fe37-41df-94fc-c668ab798779,3.2365592,1.3582163,0.0,1.7703379,0.0,0.0,0.0,0.0,0.0,0.0,0.0,0.0,0.66594267,0.20306337,0.0,0.20306337,3.1302385,1.225071,0.0,1.600628,0.3,4,0.18232155679395462,7.0327406,0
b3f85c39-fe37-41df-94fc-c668ab798779,3.4642155,0.0,0.0,0.0,0.0,0.0,0.0,0.0,0.0,0.0,0.0,0.0,0.10031481,0.0,0.0,0.0,3.3915863,0.0,0.0,0.0,0.5,5,0.1541506798272583,6.9561167,0
b3f85c39-fe37-41df-94fc-c668ab798779,3.1297786,1.0149612,0.0,1.3337464,0.0,0.0,0.0,0.0,0.0,0.0,0.0,0.0,0.655367,0.0,0.0,0.13277519,3.0267646,1.0616773,0.0,1.2735916,0.3,6,0.13353139262452263,6.81191,0
b3f85c39-fe37-41df-94fc-c668ab798779,3.318722,1.4567907,1.0535109,1.586033,0.0,0.0,0.0,0.0,0.0,0.0,0.0,0.0,0.0,0.0,0.0,0.0,3.4035163,1.5070486,1.0786809,1.6577135,0.5,7,0.11778303565638346,6.7222385,3
b3f85c39-fe37-41df-94fc-c668ab798779,2.7722733,0.5625435,0.0,1.0421244,0.0,0.0,0.0,0.0,0.0,0.0,0.0,0.0,0.70618445,0.0,0.0,0.13520175,2.5394845,0.0,0.0,0.5155379,0.4,8,0.1053605156578263,6.0179424,0
b3f85c39-fe37-41df-94fc-c668ab798779,3.014261,1.3554511,0.9779286,1.3554511,0.0,0.0,0.0,0.0,0.0,0.0,0.0,0.0,0.0,0.0,0.0,0.0,3.0013287,1.3656119,0.9842037,1.3656119,0.5,9,0.09531017980432487,6.0155897,0
7bfae80a-e016-494f-aa1c-7fa703c04af0,8.631701,8.3295555,3.9074445,8.3295555,0.0,0.0,0.0,0.0,0.0,0.0,0.0,0.0,2.9296942,2.6231287,0.9230086,2.6231287,8.101569,7.3734636,3.630759,7.3734636,0.5,0,0.6931471805599453,19.662964,0
7bfae80a-e016-494f-aa1c-7fa703c04af0,4.317071,0.0,0.0,0.0,0.0,0.0,0.0,0.0,0.0,0.0,0.0,0.0,0.1754671,0.0,0.0,0.0,4.2791166,0.0,0.0,0.0,0.5,1,0.4054651081081644,8.771655,0
7bfae80a-e016-494f-aa1c-7fa703c04af0,4.364308,0.0,0.5744621,0.0,0.0,0.0,0.0,0.0,0.0,0.0,0.0,0.0,0.0,0.0,0.0,0.0,4.3054094,0.0,0.52377117,0.0,0.33333334,2,0.2876820724517809,8.669718,0
7bfae80a-e016-494f-aa1c-7fa703c04af0,3.5619454,0.0,0.0,0.0,0.0,0.0,0.0,0.0,0.0,0.0,0.0,0.0,1.1163119,0.0,0.0,0.0,3.446356,0.0,0.0,0.0,0.16666667,3,0.22314355131420976,8.124614,0
7bfae80a-e016-494f-aa1c-7fa703c04af0,4.0245967,0.7496564,0.0,0.7496564,0.0,0.0,0.0,0.0,0.0,0.0,0.0,0.0,0.0,0.0,0.0,0.0,3.9853766,0.73152745,0.0,0.73152745,0.5,4,0.18232155679395462,8.009974,0
7bfae80a-e016-494f-aa1c-7fa703c04af0,3.1927044,0.0,0.0,0.0,0.0,0.0,0.0,0.0,0.0,0.0,0.0,0.0,1.1163119,0.0,0.0,0.0,3.0054085,0.0,0.0,0.0,0.16666667,5,0.1541506798272583,7.314425,0
7bfae80a-e016-494f-aa1c-7fa703c04af0,2.807036,0.0,0.9764059,0.0,0.0,0.0,0.0,0.0,0.0,0.0,0.0,0.0,1.4918895,0.0,0.55866,0.0,2.0957513,0.0,0.5467547,0.0,0.33333334,6,0.13353139262452263,6.3946767,0
7bfae80a-e016-494f-aa1c-7fa703c04af0,3.2103214,0.0,0.5744621,0.0,0.0,0.0,0.0,0.0,0.0,0.0,0.0,0.0,0.0,0.0,0.0,0.0,3.1293116,0.0,0.52377117,0.0,0.33333334,7,0.11778303565638346,6.339633,0
7bfae80a-e016-494f-aa1c-7fa703c04af0,2.9077349,0.0,1.48896,0.0,0.0,0.0,0.0,0.0,0.0,0.0,0.0,0.0,0.0,0.0,0.0,0.0,2.997786,0.0,1.5767429,0.0,0.33333334,8,0.1053605156578263,5.905521,0
7bfae80a-e016-494f-aa1c-7fa703c04af0,2.3563583,0.0,0.0,0.0,0.0,0.0,0.0,0.0,0.0,0.0,0.0,0.0,1.3192836,0.0,0.0,0.0,2.1138086,0.0,0.0,0.0,0.16666667,9,0.09531017980432487,5.7894506,0
acb0f05c-32a2-40af-8e8e-c14a149176f6,4.882047,2.5361803,0.43510765,2.6811337,0.0,0.0,0.0,0.0,0.0,0.0,0.0,0.0,0.51625353,0.08394223,0.11587231,0.08394223,4.324957,2.3146048,0.279622,2.4544742,0.8,0,0.6931471805599453,9.723258,4
acb0f05c-32a2-40af-8e8e-c14a149176f6,3.9062479,1.6239526,0.7324832,1.6239526,0.0,0.0,0.0,0.0,0.0,0.0,0.0,0.0,1.2490854,0.769368,0.0,0.769368,3.5896478,1.3094816,0.7175015,1.3094816,0.6,1,0.4054651081081644,8.744981,0
acb0f05c-32a2-40af-8e8e-c14a149176f6,3.3973927,0.16054231,0.11963158,0.16054231,0.0,0.0,0.0,0.0,0.0,0.0,0.0,0.0,0.7119675,0.08868731,0.09784219,0.08868731,3.5242963,0.19765656,0.2097615,0.19765656,0.8,2,0.2876820724517809,7.6336565,0
acb0f05c-32a2-40af-8e8e-c14a149176f6,3.3812428,0.0,0.20051368,0.114670336,0.0,0.0,0.0,0.0,0.0,0.0,0.0,0.0,0.60169387,0.0,0.110149816,0.06287197,3.126663,0.0,0.107847735,0.0,0.8,3,0.22314355131420976,7.1095996,0
acb0f05c-32a2-40af-8e8e-c14a149176f6,2.7895262,0.17005077,0.41277725,0.17005077,0.0,0.0,0.0,0.0,0.0,0.0,0.0,0.0,0.50766975,0.10099494,0.110149816,0.10099494,2.4463181,0.03794225,0.2611587,0.03794225,0.6,4,0.18232155679395462,5.743514,0
acb0f05c-32a2-40af-8e8e-c14a149176f6,2.8279483,0.82871217,0.0,0.82871217,0.0,0.0,0.0,0.0,0.0,0.0,0.0,0.0,0.13034688,0.0,0.0,0.0,2.77794,0.8459681,0.0,0.8459681,0.6,5,0.1541506798272583,5.736235,0
acb0f05c-32a2-40af-8e8e-c14a149176f6,2.511424,1.3196156,0.08575204,1.3196156,0.0,0.0,0.0,0.0,0.0,0.0,0.0,0.0,0.10251167,0.0,0.0,0.0,2.4139366,1.3163716,0.12869526,1.3163716,0.6,6,0.13353139262452263,5.0278726,0
acb0f05c-32a2-40af-8e8e-c14a149176f6,2.4191372,0.3479213,0.63028634,0.3479213,0.0,0.0,0.0,0.0,0.0,0.0,0.0,0.0,0.50766975,0.078219734,0.110149816,0.078219734,2.0095758,0.21088733,0.48668647,0.21088733,0.6,7,0.11778303565638346,4.936383,0
acb0f05c-32a2-40af-8e8e-c14a149176f6,2.5059307,0.0,0.0,0.0,0.0,0.0,0.0,0.0,0.0,0.0,0.0,0.0,0.0,0.0,0.0,0.0,2.429468,0.0,0.0,0.0,0.2,8,0.1053605156578263,4.9353986,0
acb0f05c-32a2-40af-8e8e-c14a149176f6,2.3017068,0.33047432,0.2688089,0.33047432,0.0,0.0,0.0,0.0,0.0,0.0,0.0,0.0,0.50766975,0.10099494,0.110149816,0.10099494,2.0268135,0.24720734,0.19126557,0.24720734,0.6,9,0.09531017980432487,4.83619,0
3c8cf67d-bf27-4752-9981-d696c1f65793,7.6555686,6.672547,4.0353556,6.8691335,0.0,0.0,0.0,0.0,0.0,0.0,0.0,0.0,0.0,0.0,0.0,0.0,7.410781,6.3971915,3.865696,6.5879803,1.0,0,0.6931471805599453,15.066349,2
3c8cf67d-bf27-4752-9981-d696c1f65793,4.281969,1.298764,1.298764,1.298764,0.0,0.0,0.0,0.0,0.0,0.0,0.0,0.0,2.2636433,0.76552796,0.76552796,0.76552796,3.678962,0.9325676,0.9325676,0.9325676,0.6666667,1,0.4054651081081644,10.224574,0
3c8cf67d-bf27-4752-9981-d696c1f65793,3.4913602,0.0,0.0,0.0,0.0,0.0,0.0,0.0,0.0,0.0,0.0,0.0,1.9482418,0.0,0.0,0.0,2.9863017,0.0,0.0,0.0,0.33333334,2,0.2876820724517809,8.425903,0
3c8cf67d-bf27-4752-9981-d696c1f65793,4.0738783,0.0,0.0,0.0,0.0,0.0,0.0,0.0,0.0,0.0,0.0,0.0,0.0,0.0,0.0,0.0,3.927087,0.0,0.0,0.0,0.33333334,3,0.22314355131420976,8.000965,0
3c8cf67d-bf27-4752-9981-d696c1f65793,3.2043931,0.0,0.0,0.0,0.0,0.0,0.0,0.0,0.0,0.0,0.0,0.0,1.9302118,0.0,0.0,0.0,2.669729,0.0,0.0,0.0,0.33333334,4,0.18232155679395462,7.8043337,0
3c8cf67d-bf27-4752-9981-d696c1f65793,3.1209753,0.0,0.0,0.0,0.0,0.0,0.0,0.0,0.0,0.0,0.0,0.0,1.9425194,0.0,0.0,0.0,2.6229136,0.0,0.0,0.0,0.33333334,5,0.1541506798272583,7.686408,0
3c8cf67d-bf27-4752-9981-d696c1f65793,3.8994117,0.16790861,0.16790861,0.3100423,0.0,0.0,0.0,0.0,0.0,0.0,0.0,0.0,0.0,0.0,0.0,0.0,3.763041,0.15015045,0.15015045,0.28707647,0.6666667,6,0.13353139262452263,7.6624527,0
3c8cf67d-bf27-4752-9981-d696c1f65793,3.4453578,0.0,0.0,0.0,0.0,0.0,0.0,0.0,0.0,0.0,0.0,0.0,0.34244648,0.0,0.0,0.0,3.194748,0.0,0.0,0.0,0.6666667,7,0.11778303565638346,6.982552,4
3c8cf67d-bf27-4752-9981-d696c1f65793,3.1142862,1.0447476,1.0447476,1.0447476,0.0,0.0,0.0,0.0,0.0,0.0,0.0,0.0,0.0,0.0,0.0,0.0,2.9993982,1.0008628,1.0008628,1.0008628,0.6666667,8,0.1053605156578263,6.1136847,0
3c8cf67d-bf27-4752-9981-d696c1f65793,2.979754,0.0,0.0,0.0,0.0,0.0,0.0,0.0,0.0,0.0,0.0,0.0,0.3395852,0.0,0.0,0.0,2.5841765,0.0,0.0,0.0,0.6666667,9,0.09531017980432487,5.903516,0
aa4be919-3090-4416-9233-cb17dfc89667,5.525873,2.1523993,0.054490816,2.1908395,0.0,0.0,0.0,0.0,0.0,0.0,0.0,0.0,0.98475903,0.44074282,0.0,0.44074282,4.8524275,1.7338566,0.05392442,1.7775699,0.5833334,0,0.6931471805599453,11.36306,0
aa4be919-3090-4416-9233-cb17dfc89667,5.401928,0.66772795,0.016322928,0.66772795,0.0,0.0,0.0,0.0,0.0,0.0,0.0,0.0,0.01687423,0.0,0.0,0.0,5.299052,0.72015506,3.008442E-4,0.72015506,0.6666667,1,0.4054651081081644,10.717854,0
aa4be919-3090-4416-9233-cb17dfc89667,4.6548014,2.7570677,1.5096629,2.7955465,0.0,0.0,0.0,0.0,0.0,0.0,0.0,0.0,1.5306064,1.0192798,0.6759725,1.0192798,4.1503158,2.153854,1.1096882,2.153854,0.4166667,2,0.2876820724517809,10.335724,0
aa4be919-3090-4416-9233-cb17dfc89667,4.659094,1.7407727,0.1357615,1.9323345,0.0,0.0,0.0,0.0,0.0,0.0,0.0,0.0,0.98244786,0.3945467,0.11357519,0.3945467,3.9247599,1.148105,0.05476172,1.2326168,0.5,3,0.22314355131420976,9.566301,0
aa4be919-3090-4416-9233-cb17dfc89667,4.2984147,3.2095525,0.49704468,3.2095525,0.0,0.0,0.0,0.0,0.0,0.0,0.0,0.0,1.5234472,1.4359286,0.11370233,1.4359286,3.269149,2.1168866,0.27500468,2.1168866,0.4166667,4,0.18232155679395462,9.091011,3
aa4be919-3090-4416-9233-cb17dfc89667,3.8964078,1.3340119,0.09753111,1.4867889,0.0,0.0,0.0,0.0,0.0,0.0,0.0,0.0,0.5657415,0.20458488,0.0,0.20458488,3.4628067,1.1317161,0.09674444,1.2771785,0.4166667,5,0.1541506798272583,7.924956,0
aa4be919-3090-4416-9233-cb17dfc89667,3.8187668,1.1548088,0.0,1.1548088,0.0,0.0,0.0,0.0,0.0,0.0,0.0,0.0,0.25363258,0.08469299,0.0,0.08469299,3.64321,1.0729158,0.0,1.0729158,0.5833334,6,0.13353139262452263,7.7156096,0
aa4be919-3090-4416-9233-cb17dfc89667,3.630286,0.5577511,0.0,0.5577511,0.0,0.0,0.0,0.0,0.0,0.0,0.0,0.0,0.6145938,0.1563653,0.0,0.1563653,3.369876,0.47800192,0.0,0.47800192,0.5833334,7,0.11778303565638346,7.6147556,0
aa4be919-3090-4416-9233-cb17dfc89667,3.7497747,1.4530185,0.0817954,1.4865464,0.0,0.0,0.0,0.0,0.0,0.0,0.0,0.0,0.01401298,0.0,0.0,0.0,3.8489163,1.639094,0.11959998,1.6725062,0.5,8,0.1053605156578263,7.612704,0
aa4be919-3090-4416-9233-cb17dfc89667,3.3286507,1.3000226,0.46255797,1.3000226,0.0,0.0,0.0,0.0,0.0,0.0,0.0,0.0,0.5593466,0.32373786,0.08329427,0.32373786,3.1272502,1.1302491,0.4353214,1.1302491,0.4166667,9,0.09531017980432487,7.0152473,0
6f024c0e-e971-4b23-8477-bee10a10f646,7.452222,4.222411,1.9081159,4.489448,0.0,0.0,0.0,0.0,0.0,0.0,0.0,0.0,1.6658081,1.0192798,0.69613165,1.0493764,6.8831677,3.7329242,1.5267814,3.9112623,0.72727275,0,0.6931471805599453,16.001198,0
6f024c0e-e971-4b23-8477-bee10a10f646,4.885235,0.5412098,0.0,0.6001865,0.0,0.0,0.0,0.0,0.0,0.0,0.0,0.0,0.36949986,0.24788278,0.004935681,0.24788278,4.395819,0.2915982,0.0,0.33070478,0.6363636,1,0.4054651081081644,9.650554,0
6f024c0e-e971-4b23-8477-bee10a10f646,4.2984147,3.2095525,0.49704468,3.2095525,0.0,0.0,0.0,0.0,0.0,0.0,0.0,0.0,1.5234472,1.4359286,0.11370233,1.4359286,3.269149,2.1168866,0.27500468,2.1168866,0.45454547,2,0.2876820724517809,9.091011,2
6f024c0e-e971-4b23-8477-bee10a10f646,4.4441996,0.3495541,0.37292802,0.3751555,0.0,0.0,0.0,0.0,0.0,0.0,0.0,0.0,0.054947887,0.0,0.0,0.0,4.278782,0.33348817,0.33828104,0.36228853,0.45454547,3,0.22314355131420976,8.777929,0
6f024c0e-e971-4b23-8477-bee10a10f646,4.066662,0.0,0.0,0.0,0.0,0.0,0.0,0.0,0.0,0.0,0.0,0.0,0.0,0.0,0.0,0.0,3.904463,0.0,0.0,0.0,0.45454547,4,0.18232155679395462,7.9711246,0
6f024c0e-e971-4b23-8477-bee10a10f646,3.3984575,1.1427994,0.09447346,1.1427994,0.0,0.0,0.0,0.0,0.0,0.0,0.0,0.0,0.24479467,0.07585509,0.0,0.07585509,3.7097373,1.179868,0.15016589,1.179868,0.6363636,5,0.1541506798272583,7.3529897,0
6f024c0e-e971-4b23-8477-bee10a10f646,3.4035337,0.5577511,0.0,0.5577511,0.0,0.0,0.0,0.0,0.0,0.0,0.0,0.0,0.442474,0.1563653,0.0,0.1563653,3.1679444,0.47800192,0.0,0.47800192,0.54545456,6,0.13353139262452263,7.0139523,3
6f024c0e-e971-4b23-8477-bee10a10f646,3.544348,0.0,0.0,0.0,0.0,0.0,0.0,0.0,0.0,0.0,0.0,0.0,0.13520175,0.0,0.0,0.0,3.2476819,0.0,0.0,0.0,0.54545456,7,0.11778303565638346,6.927232,0
6f024c0e-e971-4b23-8477-bee10a10f646,3.0315893,1.3000226,0.46255797,1.3000226,0.0,0.0,0.0,0.0,0.0,0.0,0.0,0.0,0.5593466,0.32373786,0.08329427,0.32373786,2.7976687,1.1302491,0.4353214,1.1302491,0.45454547,8,0.1053605156578263,6.3886046,0
6f024c0e-e971-4b23-8477-bee10a10f646,3.2128825,0.29512087,0.0,0.29512087,0.0,0.0,0.0,0.0,0.0,0.0,0.0,0.0,0.25880766,0.07585509,0.004935681,0.07585509,2.8977158,0.18015543,0.0,0.18015543,0.45454547,9,0.09531017980432487,6.3694057,0
cec92b61-8100-4589-ae98-4cfb94f84f07,7.512519,2.312077,0.0,2.312077,0.0,0.0,0.0,0.0,0.0,0.0,0.0,0.0,0.5121832,0.0,0.0,0.0,7.742084,2.6347246,0.0,2.6347246,0.40000004,0,0.6931471805599453,15.766787,0
cec92b61-8100-4589-ae98-4cfb94f84f07,4.387266,1.485719,0.0,1.485719,0.0,0.0,0.0,0.0,0.0,0.0,0.0,0.0,0.87325597,0.4792634,0.0,0.4792634,3.846124,0.9863689,0.0,0.9863689,0.40000004,1,0.4054651081081644,9.106646,0
cec92b61-8100-4589-ae98-4cfb94f84f07,4.4137836,0.0,0.0,0.0,0.0,0.0,0.0,0.0,0.0,0.0,0.0,0.0,0.35778022,0.0,0.0,0.0,4.1679316,0.0,0.0,0.0,0.26666668,2,0.2876820724517809,8.939495,3
cec92b61-8100-4589-ae98-4cfb94f84f07,4.1567945,1.5540142,0.0,1.5540142,0.0,0.0,0.0,0.0,0.0,0.0,0.0,0.0,0.8486462,0.45465368,0.0,0.45465368,3.5203776,1.0697868,0.0,1.0697868,0.33333334,3,0.22314355131420976,8.525819,0
cec92b61-8100-4589-ae98-4cfb94f84f07,4.0543084,0.85357964,0.0,0.85357964,0.0,0.0,0.0,0.0,0.0,0.0,0.0,0.0,0.0,0.0,0.0,0.0,4.3021584,1.0697868,0.0,1.0697868,0.26666668,4,0.18232155679395462,8.356466,0
cec92b61-8100-4589-ae98-4cfb94f84f07,4.208916,0.0,0.0,0.6786252,0.0,0.0,0.0,0.0,0.0,0.0,0.0,0.0,0.0,0.0,0.0,0.0,4.01175,0.0,0.0,0.61876327,0.26666668,5,0.1541506798272583,8.220667,0
cec92b61-8100-4589-ae98-4cfb94f84f07,4.105565,0.0,0.0,0.0,0.0,0.0,0.0,0.0,0.0,0.0,0.0,0.0,0.0,0.0,0.0,0.0,4.052435,0.0,0.0,0.0,0.40000004,6,0.13353139262452263,8.158,0
cec92b61-8100-4589-ae98-4cfb94f84f07,3.7383063,2.154459,0.0,2.26518,0.0,0.0,0.0,0.0,0.0,0.0,0.0,0.0,0.87325597,0.4792634,0.0,0.4792634,3.2763462,1.8185716,0.0,1.9686105,0.20000002,7,0.11778303565638346,7.8879085,0
cec92b61-8100-4589-ae98-4cfb94f84f07,3.802002,2.7077136,0.0,2.7077136,0.0,0.0,0.0,0.0,0.0,0.0,0.0,0.0,0.0,0.0,0.0,0.0,4.033261,2.9341388,0.0,2.9341388,0.20000002,8,0.1053605156578263,7.835263,0
cec92b61-8100-4589-ae98-4cfb94f84f07,3.8230932,0.0,0.0,0.0,0.0,0.0,0.0,0.0,0.0,0.0,0.0,0.0,0.36160794,0.0,0.0,0.0,3.534992,0.0,0.0,0.0,0.33333334,9,0.09531017980432487,7.719693,0
2e3a9bda-cca8-4c5f-b1ed-d4a7958606a4,4.9353805,2.927977,0.815081,2.927977,0.0,0.0,0.0,0.0,0.0,0.0,0.0,0.0,0.6871588,0.3860941,0.0,0.3860941,4.569781,2.6513746,0.7834012,2.6513746,0.72727275,0,0.6931471805599453,10.19232,0
2e3a9bda-cca8-4c5f-b1ed-d4a7958606a4,4.208944,2.0681076,0.3124737,2.3774464,0.0,0.0,0.0,0.0,0.0,0.0,0.0,0.0,0.820686,0.46170062,0.0,0.46170062,3.924864,1.748425,0.34505427,2.0896063,0.36363637,1,0.4054651081081644,8.9544935,0
2e3a9bda-cca8-4c5f-b1ed-d4a7958606a4,4.393366,0.0,0.0,0.0,0.0,0.0,0.0,0.0,0.0,0.0,0.0,0.0,0.0,0.0,0.0,0.0,4.339081,0.0,0.0,0.0,0.45454547,2,0.2876820724517809,8.732447,0
2e3a9bda-cca8-4c5f-b1ed-d4a7958606a4,3.4539735,0.48110068,0.18198873,0.90808505,0.0,0.0,0.0,0.0,0.0,0.0,0.0,0.0,0.64620715,0.0,0.0,0.0,3.23028,0.4758224,0.1690208,0.9051888,0.45454547,3,0.22314355131420976,7.3304605,0
2e3a9bda-cca8-4c5f-b1ed-d4a7958606a4,3.5023837,0.17440009,0.0,0.43658143,0.0,0.0,0.0,0.0,0.0,0.0,0.0,0.0,0.6871588,0.0,0.0,0.0,2.9913282,0.21492198,0.0,0.21492198,0.36363637,4,0.18232155679395462,7.180871,0
2e3a9bda-cca8-4c5f-b1ed-d4a7958606a4,3.3175962,1.016123,0.0,1.2837372,0.0,0.0,0.0,0.0,0.0,0.0,0.0,0.0,0.0,0.0,0.0,0.0,3.301745,1.0172021,0.0,1.2857549,0.27272728,5,0.1541506798272583,6.619341,0
2e3a9bda-cca8-4c5f-b1ed-d4a7958606a4,2.9776933,0.39547476,0.0,0.39547476,0.0,0.0,0.0,0.0,0.0,0.0,0.0,0.0,0.6437806,0.0,0.0,0.0,2.8287263,0.44663757,0.0,0.44663757,0.27272728,6,0.13353139262452263,6.4502,0
2e3a9bda-cca8-4c5f-b1ed-d4a7958606a4,3.1292832,0.6977467,0.0,0.6977467,0.0,0.0,0.0,0.0,0.0,0.0,0.0,0.0,0.056578297,0.0,0.0,0.0,3.1236815,0.78132904,0.0,0.78132904,0.36363637,7,0.11778303565638346,6.309543,0
2e3a9bda-cca8-4c5f-b1ed-d4a7958606a4,2.7462816,0.0,0.0,0.097283415,0.0,0.0,0.0,0.0,0.0,0.0,0.0,0.0,0.5998645,0.0,0.0,0.0,2.7273922,0.0,0.0,0.13259526,0.18181819,8,0.1053605156578263,6.0735383,0
2e3a9bda-cca8-4c5f-b1ed-d4a7958606a4,3.0253012,0.07023008,0.0,0.09986427,0.0,0.0,0.0,0.0,0.0,0.0,0.0,0.0,0.34189993,0.049270816,0.0,0.049270816,2.649759,0.0,0.0,0.029633429,0.36363637,9,0.09531017980432487,6.01696,0
addbb3fc-c2b7-4d43-911a-4cecff11b259,9.823508,10.682501,1.8563883,10.81297,0.0,0.0,0.0,0.0,0.0,0.0,0.0,0.0,2.5507479,1.8698205,0.30981317,1.8698205,9.029301,9.792829,1.4539816,9.959186,0.47058824,0,0.6931471805599453,21.403557,0
addbb3fc-c2b7-4d43-911a-4cecff11b259,6.1492214,3.8090906,1.5645455,3.93414,0.0,0.0,0.0,0.0,0.0,0.0,0.0,0.0,0.8645608,0.6611972,0.30098295,0.6611972,5.479392,3.053291,1.0320083,3.1270602,0.47058824,1,0.4054651081081644,12.493175,2
addbb3fc-c2b7-4d43-911a-4cecff11b259,5.9631076,3.5465362,1.828879,3.9641438,0.25515452,0.0,0.0,0.0,0.0,0.0,0.0,0.0,0.84518844,0.5158641,0.26769316,0.5158641,5.246558,2.9777431,1.0529339,3.0751626,0.47058824,2,0.2876820724517809,12.310009,2
addbb3fc-c2b7-4d43-911a-4cecff11b259,5.8202486,1.9041591,1.3783845,2.445958,0.25515452,0.0,0.0,0.0,0.0,0.0,0.0,0.0,0.8799083,0.22028825,0.2606975,0.28856993,5.0707226,1.6797476,0.90929526,2.0879843,0.4117647,3,0.22314355131420976,12.026034,2
addbb3fc-c2b7-4d43-911a-4cecff11b259,4.3949513,2.710586,1.9147655,2.710586,0.0,0.0,0.0,0.0,0.0,0.0,0.0,0.0,0.8545683,0.5659862,0.4146168,0.5659862,3.8398447,1.8810377,1.3237202,1.8810377,0.3529412,4,0.18232155679395462,9.089364,2
addbb3fc-c2b7-4d43-911a-4cecff11b259,4.439564,0.0,0.0,0.0,0.0,0.0,0.0,0.0,0.0,0.0,0.0,0.0,0.12319929,0.0,0.0,0.0,4.1969895,0.0,0.0,0.0,0.29411766,5,0.1541506798272583,8.759753,0
addbb3fc-c2b7-4d43-911a-4cecff11b259,4.2259398,0.0,0.0,0.0,0.0,0.0,0.0,0.0,0.0,0.0,0.0,0.0,0.36243612,0.0,0.0,0.0,4.1060886,0.0,0.0,0.0,0.23529412,6,0.13353139262452263,8.694465,0
addbb3fc-c2b7-4d43-911a-4cecff11b259,4.1116633,0.0,0.0,0.0,0.0,0.0,0.0,0.0,0.0,0.0,0.0,0.0,0.102741376,0.0,0.0,0.0,3.79153,0.0,0.0,0.0,0.29411766,7,0.11778303565638346,8.005935,0
addbb3fc-c2b7-4d43-911a-4cecff11b259,3.8752513,0.0,0.0,0.0,0.0,0.0,0.0,0.0,0.0,0.0,0.0,0.0,0.01401298,0.0,0.0,0.0,3.6824708,0.0,0.0,0.0,0.3529412,8,0.1053605156578263,7.571735,0
addbb3fc-c2b7-4d43-911a-4cecff11b259,3.2270622,0.0,0.0,0.0,0.0,0.0,0.0,0.0,0.0,0.0,0.0,0.0,1.3284434,0.0,0.0,0.0,2.5469925,0.0,0.0,0.0,0.29411766,9,0.09531017980432487,7.102498,0
10640a19-7928-49bc-82e0-3256ab5f59c4,5.422198,2.4165163,0.2993135,2.7531536,0.0,0.0,0.0,0.0,0.0,0.0,0.0,0.0,0.7991052,0.3575995,0.091346115,0.42429775,5.000677,2.2157023,0.14892624,2.344241,0.3846154,0,0.6931471805599453,11.22198,0
10640a19-7928-49bc-82e0-3256ab5f59c4,4.339702,2.5455742,0.1967008,2.616269,0.0,0.0,0.0,0.0,0.0,0.0,0.0,0.0,0.6892632,0.37129053,0.0,0.37129053,4.1576014,2.2534153,0.19083051,2.322766,0.23076925,1,0.4054651081081644,9.186566,0
10640a19-7928-49bc-82e0-3256ab5f59c4,4.284724,2.4241078,0.0,2.4241078,0.0,0.0,0.0,0.0,0.0,0.0,0.0,0.0,0.6681177,0.35014498,0.0,0.35014498,4.1012926,2.3150246,0.0,2.3150246,0.3846154,2,0.2876820724517809,9.054134,0
10640a19-7928-49bc-82e0-3256ab5f59c4,4.313025,0.0,0.0,0.0,0.0,0.0,0.0,0.0,0.0,0.0,0.0,0.0,0.0,0.0,0.0,0.0,4.192702,0.0,0.0,0.0,0.23076925,3,0.22314355131420976,8.505727,0
10640a19-7928-49bc-82e0-3256ab5f59c4,3.9339678,2.3252196,0.81792045,2.4062655,0.0,0.0,0.0,0.0,0.0,0.0,0.0,0.0,0.7991052,0.5865883,0.1619992,0.5865883,3.3528397,1.6206468,0.50908387,1.6323059,0.3846154,4,0.18232155679395462,8.085913,0
10640a19-7928-49bc-82e0-3256ab5f59c4,3.781731,2.8187783,0.36573616,2.8187783,0.0,0.0,0.0,0.0,0.0,0.0,0.0,0.0,0.8063849,0.59629464,0.16685234,0.59629464,3.3877535,2.3411443,0.1606622,2.3411443,0.23076925,5,0.1541506798272583,7.975869,0
10640a19-7928-49bc-82e0-3256ab5f59c4,3.978558,0.0,0.0,0.0,0.0,0.0,0.0,0.0,0.0,0.0,0.0,0.0,0.0,0.0,0.0,0.0,3.7718606,0.0,0.0,0.0,0.15384616,6,0.13353139262452263,7.7504187,0
10640a19-7928-49bc-82e0-3256ab5f59c4,3.7561517,0.0,0.0,0.0,0.0,0.0,0.0,0.0,0.0,0.0,0.0,0.0,0.0,0.0,0.0,0.0,3.9406528,0.0,0.0,0.0,0.30769232,7,0.11778303565638346,7.6968045,0
10640a19-7928-49bc-82e0-3256ab5f59c4,3.8100133,0.0,0.0,0.0,0.0,0.0,0.0,0.0,0.0,0.0,0.0,0.0,0.41041315,0.0,0.0,0.0,3.4620223,0.0,0.0,0.0,0.15384616,8,0.1053605156578263,7.682449,0
10640a19-7928-49bc-82e0-3256ab5f59c4,3.850096,0.0,0.0,0.0,0.0,0.0,0.0,0.0,0.0,0.0,0.0,0.0,0.11980582,0.0,0.0,0.0,3.580162,0.0,0.0,0.0,0.30769232,9,0.09531017980432487,7.550064,0
27151e03-7ddf-42f9-9b96-f84691fde656,8.50459,3.136988,2.356518,3.136988,0.0,0.0,0.0,0.0,0.0,0.0,0.0,0.0,1.6642492,1.099338,0.6458323,1.099338,8.151013,2.296563,2.0601513,2.296563,0.5,0,0.6931471805599453,18.319853,0
27151e03-7ddf-42f9-9b96-f84691fde656,4.63326,1.7824403,2.9944625,2.1120057,0.0,0.0,0.0,0.0,0.0,0.0,0.0,0.0,1.4616195,0.0,0.89104617,0.0,4.247136,1.8806946,2.565334,2.2188632,0.3,1,0.4054651081081644,10.342015,3
27151e03-7ddf-42f9-9b96-f84691fde656,3.934396,0.0,0.0,0.0,0.0,0.0,0.0,0.0,0.0,0.0,0.0,0.0,1.6297663,0.0,0.0,0.0,3.5960515,0.0,0.0,0.0,0.1,2,0.2876820724517809,9.160213,0
27151e03-7ddf-42f9-9b96-f84691fde656,3.804161,2.5681853,0.0,2.5681853,0.0,0.0,0.0,0.0,0.0,0.0,0.0,0.0,1.3160802,0.805776,0.0,0.805776,3.0070329,1.9094617,0.0,1.9094617,0.3,3,0.22314355131420976,8.1272745,0
27151e03-7ddf-42f9-9b96-f84691fde656,3.9604883,0.0,0.0,0.0,0.0,0.0,0.0,0.0,0.0,0.0,0.0,0.0,0.20418729,0.0,0.0,0.0,3.9401171,0.0,0.0,0.0,0.3,4,0.18232155679395462,8.104793,3
27151e03-7ddf-42f9-9b96-f84691fde656,3.3827214,0.0,0.0,0.0,0.0,0.0,0.0,0.0,0.0,0.0,0.0,0.0,0.7723319,0.0,0.0,0.0,2.928454,0.0,0.0,0.0,0.3,5,0.1541506798272583,7.083507,0
27151e03-7ddf-42f9-9b96-f84691fde656,3.149829,0.0,0.0,0.0,0.0,0.0,0.0,0.0,0.0,0.0,0.0,0.0,0.0,0.0,0.0,0.0,3.212249,0.0,0.0,0.0,0.2,6,0.13353139262452263,6.3620777,0
27151e03-7ddf-42f9-9b96-f84691fde656,3.045648,0.0,0.0,0.0,0.0,0.0,0.0,0.0,0.0,0.0,0.0,0.0,0.0,0.0,0.0,0.0,3.0502284,0.0,0.0,0.0,0.3,7,0.11778303565638346,6.0958767,0
27151e03-7ddf-42f9-9b96-f84691fde656,3.1148677,0.0,0.0,0.0,0.0,0.0,0.0,0.0,0.0,0.0,0.0,0.0,0.0,0.0,0.0,0.0,2.980917,0.0,0.0,0.0,0.3,8,0.1053605156578263,6.0957847,0
27151e03-7ddf-42f9-9b96-f84691fde656,2.8206003,0.0,0.0,0.0,0.0,0.0,0.0,0.0,0.0,0.0,0.0,0.0,0.19976835,0.0,0.0,0.0,2.5775077,0.0,0.0,0.0,0.5,9,0.09531017980432487,5.5978765,0
eb9b3d27-4b12-42c6-bf3c-cd22a99c2454,6.269272,0.0,2.372926,0.0,0.0,0.0,0.0,0.0,0.0,0.0,0.0,0.0,0.0,0.0,0.0,0.0,6.3366194,0.0,2.423438,0.0,0.33333334,0,0.6931471805599453,12.605891,0
eb9b3d27-4b12-42c6-bf3c-cd22a99c2454,5.345419,0.0,2.528355,0.23601466,0.0,0.0,0.0,0.0,0.0,0.0,0.0,0.0,1.4178206,0.0,0.7089103,0.0,4.919512,0.0,2.325866,0.24831048,0.22222222,1,0.4054651081081644,11.682752,0
eb9b3d27-4b12-42c6-bf3c-cd22a99c2454,5.201737,0.0,2.4487824,0.0,0.0,0.0,0.0,0.0,0.0,0.0,0.0,0.0,1.4089826,0.0,0.7044913,0.0,4.8507795,0.0,2.260013,0.0,0.33333334,2,0.2876820724517809,11.461499,0
eb9b3d27-4b12-42c6-bf3c-cd22a99c2454,5.0505705,0.0,2.4487824,0.0,0.0,0.0,0.0,0.0,0.0,0.0,0.0,0.0,1.4089826,0.0,0.7044913,0.0,4.691834,0.0,2.260013,0.0,0.22222222,3,0.22314355131420976,11.151387,0
eb9b3d27-4b12-42c6-bf3c-cd22a99c2454,4.897565,0.0,2.4487824,0.0,0.0,0.0,0.0,0.0,0.0,0.0,0.0,0.0,1.4089826,0.0,0.7044913,0.0,4.473211,0.0,2.2366054,0.0,0.11111111,4,0.18232155679395462,10.779758,0
eb9b3d27-4b12-42c6-bf3c-cd22a99c2454,5.139265,0.0,2.1873713,0.0,0.0,0.0,0.0,0.0,0.0,0.0,0.0,0.0,0.0,0.0,0.0,0.0,5.2975183,0.0,2.260013,0.0,0.33333334,5,0.1541506798272583,10.436783,0
eb9b3d27-4b12-42c6-bf3c-cd22a99c2454,4.421558,0.0,2.210779,0.0,0.0,0.0,0.0,0.0,0.0,0.0,0.0,0.0,1.4147052,0.0,0.7073526,0.0,3.8342354,0.0,1.9171177,0.0,0.11111111,6,0.13353139262452263,9.670499,0
eb9b3d27-4b12-42c6-bf3c-cd22a99c2454,4.421558,0.0,2.210779,0.0,0.0,0.0,0.0,0.0,0.0,0.0,0.0,0.0,1.396675,0.0,0.6983375,0.0,3.8342354,0.0,1.9171177,0.0,0.11111111,7,0.11778303565638346,9.652469,0
eb9b3d27-4b12-42c6-bf3c-cd22a99c2454,4.320581,0.0,0.0,0.0,0.0,0.0,0.0,0.0,0.0,0.0,0.0,0.0,0.045964308,0.0,0.0,0.0,4.1703815,0.0,0.0,0.0,0.5555556,8,0.1053605156578263,8.536927,0
eb9b3d27-4b12-42c6-bf3c-cd22a99c2454,3.916352,0.0,1.8324639,0.0,0.0,0.0,0.0,0.0,0.0,0.0,0.0,0.0,1.4820712,0.0,0.70206475,0.0,2.8550222,0.0,1.3416072,0.0,0.22222222,9,0.09531017980432487,8.253446,0
0b914016-7ba1-4161-9abc-9776294a3ac8,3.8829498,0.10709576,0.0,0.10709576,0.0,0.0,0.0,0.0,0.0,0.0,0.0,0.0,0.069705725,0.0,0.0,0.0,3.7800581,0.12107953,0.0,0.12107953,0.61538464,0,0.6931471805599453,7.7327137,0
0b914016-7ba1-4161-9abc-9776294a3ac8,3.813768,1.377729,0.29842848,1.4802392,0.0,0.0,0.0,0.0,0.0,0.0,0.0,0.0,0.29253513,0.071945384,0.024335787,0.071945384,3.3661633,1.1455258,0.2233095,1.244152,0.7692308,1,0.4054651081081644,7.4724665,0
0b914016-7ba1-4161-9abc-9776294a3ac8,3.6614597,1.0127634,0.30063033,1.0127634,0.0,0.0,0.0,0.0,0.0,0.0,0.0,0.0,0.58169633,0.18942922,0.07236291,0.18942922,3.1942997,0.9355113,0.2899506,0.9355113,0.6923077,2,0.2876820724517809,7.4374557,4
0b914016-7ba1-4161-9abc-9776294a3ac8,1.2719399,0.017936625,0.0057903123,0.04413262,5.4510503,1.9298463,1.1848649,2.1439335,0.0,0.0,0.0,0.0,0.01401298,0.0,0.0,0.0,0.44829485,0.09829439,0.0,0.09829439,0.4615385,3,0.22314355131420976,7.185298,0
0b914016-7ba1-4161-9abc-9776294a3ac8,3.597817,0.87329006,0.02924795,0.87329006,0.0,0.0,0.0,0.0,0.0,0.0,0.0,0.0,0.080857456,0.0,0.0,0.0,3.4281843,0.8574693,0.018968292,0.8574693,0.6923077,4,0.18232155679395462,7.1068587,0
0b914016-7ba1-4161-9abc-9776294a3ac8,3.4971492,1.0771749,0.20446002,1.0771749,0.0,0.0,0.0,0.0,0.0,0.0,0.0,0.0,0.24729799,0.16501679,0.060294747,0.16501679,3.0462246,0.7373958,0.08456247,0.7373958,0.6923077,5,0.1541506798272583,6.790672,4
0b914016-7ba1-4161-9abc-9776294a3ac8,3.2191598,0.65340054,0.0,0.65340054,0.0,0.0,0.0,0.0,0.0,0.0,0.0,0.0,0.6256798,0.027910385,0.0,0.027910385,2.919393,0.5434305,0.0,0.5434305,0.53846157,6,0.13353139262452263,6.7642326,0
0b914016-7ba1-4161-9abc-9776294a3ac8,3.4220932,0.46373415,0.0,0.528059,0.0,0.0,0.0,0.0,0.0,0.0,0.0,0.0,0.213566,0.10501176,0.0,0.10501176,3.0736842,0.2788286,0.0,0.35307923,0.3846154,7,0.11778303565638346,6.7093434,0
0b914016-7ba1-4161-9abc-9776294a3ac8,3.2494023,0.31113863,0.0,0.39141837,0.0,0.0,0.0,0.0,0.0,0.0,0.0,0.0,0.5592822,0.0,0.0,0.0,2.8432186,0.29219657,0.0,0.36941415,0.23076925,8,0.1053605156578263,6.651903,0
0b914016-7ba1-4161-9abc-9776294a3ac8,2.859622,0.0,0.0,0.0,0.0,0.0,0.0,0.0,0.0,0.0,0.0,0.0,1.2244756,0.0,0.0,0.0,2.481939,0.0,0.0,0.0,0.3846154,9,0.09531017980432487,6.5660367,0
b96cb318-9879-4e92-8189-b70d1a518339,3.100373,0.0,0.0,0.0,0.0,0.0,0.0,0.0,0.0,0.0,0.0,0.0,0.045964308,0.0,0.0,0.0,2.9269135,0.0,0.0,0.0,0.375,0,0.6931471805599453,6.073251,0
b96cb318-9879-4e92-8189-b70d1a518339,3.069778,0.1958686,0.79232836,0.1958686,0.0,0.0,0.0,0.0,0.0,0.0,0.0,0.0,0.045964308,0.0,0.0,0.0,2.8246067,0.18564494,0.72632724,0.18564494,0.625,1,0.4054651081081644,5.940349,0
b96cb318-9879-4e92-8189-b70d1a518339,2.9131637,0.0,0.0,0.0,0.0,0.0,0.0,0.0,0.0,0.0,0.0,0.0,0.23417105,0.0,0.0,0.0,2.5690484,0.0,0.0,0.0,0.375,2,0.2876820724517809,5.716383,0
b96cb318-9879-4e92-8189-b70d1a518339,2.8636756,0.0,0.0,0.0,0.0,0.0,0.0,0.0,0.0,0.0,0.0,0.0,0.24101657,0.0,0.0,0.0,2.5578065,0.0,0.0,0.0,0.375,3,0.22314355131420976,5.6624985,0
b96cb318-9879-4e92-8189-b70d1a518339,2.88944,0.0,0.0,0.0,0.0,0.0,0.0,0.0,0.0,0.0,0.0,0.0,0.0,0.0,0.0,0.0,2.7226024,0.0,0.0,0.0,0.5,4,0.18232155679395462,5.6120424,0
b96cb318-9879-4e92-8189-b70d1a518339,2.815693,0.0,0.0,0.0,0.0,0.0,0.0,0.0,0.0,0.0,0.0,0.0,0.32749057,0.0,0.0,0.0,2.4663491,0.0,0.0,0.0,0.5,5,0.1541506798272583,5.6095324,0
b96cb318-9879-4e92-8189-b70d1a518339,2.849352,0.0,0.0,0.0,0.0,0.0,0.0,0.0,0.0,0.0,0.0,0.0,0.0,0.0,0.0,0.0,2.7174485,0.0,0.0,0.0,0.5,6,0.13353139262452263,5.5668,0
b96cb318-9879-4e92-8189-b70d1a518339,2.7853065,0.0,0.0,0.0,0.0,0.0,0.0,0.0,0.0,0.0,0.0,0.0,0.0,0.0,0.0,0.0,2.6457417,0.0,0.0,0.0,0.375,7,0.11778303565638346,5.4310484,0
b96cb318-9879-4e92-8189-b70d1a518339,2.7629402,0.6467762,0.002839539,0.7341465,0.0,0.0,0.0,0.0,0.0,0.0,0.0,0.0,0.0,0.0,0.0,0.0,2.6575406,0.6177693,0.0,0.7030052,0.625,8,0.1053605156578263,5.4204807,0
b96cb318-9879-4e92-8189-b70d1a518339,2.7416615,0.08989987,0.0,0.08989987,0.0,0.0,0.0,0.0,0.0,0.0,0.0,0.0,0.0,0.0,0.0,0.0,2.613825,0.08354061,0.0,0.08354061,0.5,9,0.09531017980432487,5.355487,0
330ec552-04c7-49af-846a-d317181e255c,4.4115863,0.0,0.0,1.1854103,0.0,0.0,0.0,0.0,0.0,0.0,0.0,0.0,1.2027011,0.0,0.0,0.18271072,3.8511307,0.0,0.0,1.0412993,0.6666667,0,0.6931471805599453,9.465418,0
330ec552-04c7-49af-846a-d317181e255c,4.051031,2.5870388,0.6852327,2.6603055,0.0,0.0,0.0,0.0,0.0,0.0,0.0,0.0,0.77960986,0.52965444,0.2399209,0.52965444,3.6303735,2.0790706,0.3485867,2.158211,0.7777778,1,0.4054651081081644,8.461015,2
330ec552-04c7-49af-846a-d317181e255c,3.8950903,1.1228278,0.0,1.165934,0.0,0.0,0.0,0.0,0.0,0.0,0.0,0.0,0.64305395,0.21427676,0.017405737,0.21427676,3.6470108,1.0295866,0.0,1.0809854,0.44444445,2,0.2876820724517809,8.185155,4
330ec552-04c7-49af-846a-d317181e255c,3.8554788,2.9255896,1.2163222,3.0520315,0.0,0.0,0.0,0.0,0.0,0.0,0.0,0.0,0.72489035,0.43617684,0.19796416,0.43617684,3.568192,2.6701667,1.082026,2.8189125,0.44444445,3,0.22314355131420976,8.1485615,2
330ec552-04c7-49af-846a-d317181e255c,3.8248038,2.4830034,1.2382107,2.4830034,0.0,0.0,0.0,0.0,0.0,0.0,0.0,0.0,0.72489035,0.43617684,0.19796416,0.43617684,3.3829398,2.0956101,1.0502195,2.0956101,0.6666667,4,0.18232155679395462,7.932634,0
330ec552-04c7-49af-846a-d317181e255c,3.5157595,1.1375417,0.0,1.1375417,0.0,0.0,0.0,0.0,0.0,0.0,0.0,0.0,1.2027011,0.426882,0.0,0.426882,3.0327668,0.6956767,0.0,0.6956767,0.6666667,5,0.1541506798272583,7.7512274,0
330ec552-04c7-49af-846a-d317181e255c,3.8553202,1.8338687,0.0,1.8338687,0.0,0.0,0.0,0.0,0.0,0.0,0.0,0.0,0.37166664,0.18758126,0.0,0.18758126,3.5185878,1.5754913,0.0,1.5754913,0.5555556,6,0.13353139262452263,7.7455745,0
330ec552-04c7-49af-846a-d317181e255c,3.6117737,2.2057488,0.0,2.2176092,0.0,0.0,0.0,0.0,0.0,0.0,0.0,0.0,0.3668135,0.18272811,0.0,0.18272811,3.653579,2.2311525,0.0,2.290555,0.5555556,7,0.11778303565638346,7.6321664,0
330ec552-04c7-49af-846a-d317181e255c,3.7552266,0.0,1.1716893,0.0,0.0,0.0,0.0,0.0,0.0,0.0,0.0,0.0,0.0,0.0,0.0,0.0,3.706257,0.0,1.1826186,0.0,0.5555556,8,0.1053605156578263,7.461484,0
330ec552-04c7-49af-846a-d317181e255c,2.8831828,2.0054512,0.16975042,2.1015403,2.031679,1.2615528,0.0,1.2615528,0.0,0.0,0.0,0.0,0.5842817,0.51622164,0.06931003,0.51622164,1.8379084,0.98724437,0.07229086,0.98724437,0.44444445,9,0.09531017980432487,7.337052,2
4201af66-ccb3-499b-ada2-7cefc4eee388,5.141013,2.3849797,0.0,2.3849797,0.0,0.0,0.0,0.0,0.0,0.0,0.0,0.0,0.0,0.0,0.0,0.0,5.162249,2.4044719,0.0,2.4044719,0.375,0,0.6931471805599453,10.303263,0
4201af66-ccb3-499b-ada2-7cefc4eee388,4.4628267,0.0,0.0,0.0,0.0,0.0,0.0,0.0,0.0,0.0,0.0,0.0,1.3192836,0.0,0.0,0.0,4.094198,0.0,0.0,0.0,0.375,1,0.4054651081081644,9.876308,0
4201af66-ccb3-499b-ada2-7cefc4eee388,3.6611257,0.4771365,0.0,1.3496118,0.0,0.0,0.0,0.0,0.0,0.0,0.0,0.0,1.1040332,0.0,0.0,0.2185051,3.3709126,0.4860269,0.0,0.986568,0.25,2,0.2876820724517809,8.136071,0
4201af66-ccb3-499b-ada2-7cefc4eee388,3.8603091,0.44298887,0.0,0.44298887,0.0,0.0,0.0,0.0,0.0,0.0,0.0,0.0,0.68278354,0.0,0.0,0.0,3.41076,0.4860269,0.0,0.4860269,0.375,3,0.22314355131420976,7.9538527,0
4201af66-ccb3-499b-ada2-7cefc4eee388,3.9073508,2.3962,0.0,2.3962,0.0,0.0,0.0,0.0,0.0,0.0,0.0,0.0,0.0,0.0,0.0,0.0,3.9984193,2.5185282,0.0,2.5185282,0.375,4,0.18232155679395462,7.9057703,0
4201af66-ccb3-499b-ada2-7cefc4eee388,3.1509955,0.0,0.0,0.0,0.0,0.0,0.0,0.0,0.0,0.0,0.0,0.0,1.3237026,0.0,0.0,0.0,2.5924547,0.0,0.0,0.0,0.125,5,0.1541506798272583,7.067153,4
4201af66-ccb3-499b-ada2-7cefc4eee388,3.160408,0.0,0.0,0.6534375,0.0,0.0,0.0,0.0,0.0,0.0,0.0,0.0,1.1097556,0.0,0.0,0.2242276,2.7530363,0.0,0.0,0.3885627,0.375,6,0.13353139262452263,7.0232,0
4201af66-ccb3-499b-ada2-7cefc4eee388,2.9982665,0.0,0.0,0.0,0.0,0.0,0.0,0.0,0.0,0.0,0.0,0.0,0.86734086,0.0,0.0,0.0,2.8827941,0.0,0.0,0.0,0.125,7,0.11778303565638346,6.7484016,0
4201af66-ccb3-499b-ada2-7cefc4eee388,2.960779,0.0,0.0,0.95079505,0.0,0.0,0.0,0.0,0.0,0.0,0.0,0.0,1.1040332,0.0,0.0,0.2185051,2.5042942,0.0,0.0,0.73795164,0.25,8,0.1053605156578263,6.569106,0
4201af66-ccb3-499b-ada2-7cefc4eee388,2.873229,0.0,0.0,0.0,0.0,0.0,0.0,0.0,0.0,0.0,0.0,0.0,0.68278354,0.0,0.0,0.0,2.496738,0.0,0.0,0.0,0.25,9,0.09531017980432487,6.0527506,0
3fc1d41d-9006-4cda-b006-20c7a5ed676d,12.499845,5.151059,1.3236103,5.5673943,0.0,0.0,0.0,0.0,0.0,0.0,0.0,0.0,2.1968253,0.65539336,0.12754206,0.75978744,10.7526045,4.493099,1.1310337,4.776328,0.7647059,0,0.6931471805599453,25.449274,0
3fc1d41d-9006-4cda-b006-20c7a5ed676d,8.530665,1.1847633,0.5329982,1.1847633,0.0,0.0,0.0,0.0,0.0,0.0,0.0,0.0,1.0669628,0.0,0.2866287,0.0,8.217164,1.2223676,0.32082972,1.2223676,0.5294118,1,0.4054651081081644,17.814793,2
3fc1d41d-9006-4cda-b006-20c7a5ed676d,8.1244545,1.879596,0.0,2.105769,0.0,0.0,0.0,0.0,0.0,0.0,0.0,0.0,1.5530803,0.31076008,0.0,0.31076008,7.2226105,1.8315451,0.042764045,2.1096375,0.47058824,2,0.2876820724517809,16.900145,2
3fc1d41d-9006-4cda-b006-20c7a5ed676d,6.6294336,0.45372865,0.0,0.45372865,0.0,0.0,0.0,0.0,0.0,0.0,0.0,0.0,0.7360721,0.18272811,0.0,0.18272811,6.193503,0.19268873,0.0,0.19268873,0.3529412,3,0.22314355131420976,13.559009,0
3fc1d41d-9006-4cda-b006-20c7a5ed676d,5.771422,1.1510526,0.0,2.1736841,0.0,0.0,0.0,0.0,0.0,0.0,0.0,0.0,1.9965799,0.18272811,0.0,0.5700445,5.0563107,0.9277981,0.0,1.4874983,0.29411766,4,0.18232155679395462,12.824312,0
3fc1d41d-9006-4cda-b006-20c7a5ed676d,5.578481,0.30857795,0.0,0.30857795,2.031679,1.2615528,0.0,1.2615528,0.0,0.0,0.0,0.0,0.53234714,0.0,0.0,0.0,4.572695,0.0,0.0,0.0,0.29411766,5,0.1541506798272583,12.715202,0
3fc1d41d-9006-4cda-b006-20c7a5ed676d,6.1487947,0.17834477,0.6712375,0.17834477,0.0,0.0,0.0,0.0,0.0,0.0,0.0,0.0,0.59408486,0.0,0.0,0.0,5.9452415,0.27610657,0.68617755,0.27610657,0.4117647,6,0.13353139262452263,12.688121,0
3fc1d41d-9006-4cda-b006-20c7a5ed676d,5.9570823,1.5053583,0.374841,1.5938865,0.0,0.0,0.0,0.0,0.0,0.0,0.0,0.0,0.7890966,0.18758126,0.13407493,0.18758126,5.2855635,1.3319423,0.105840564,1.4313428,0.47058824,7,0.11778303565638346,12.031742,0
3fc1d41d-9006-4cda-b006-20c7a5ed676d,5.9752593,2.2316234,0.77600497,2.4537134,0.0,0.0,0.0,0.0,0.0,0.0,0.0,0.0,0.42509598,0.15351659,0.0,0.15351659,5.5111866,1.5432831,0.78978735,1.6682019,0.5294118,8,0.1053605156578263,11.911542,1
3fc1d41d-9006-4cda-b006-20c7a5ed676d,5.7025614,0.0,0.0,0.0,0.0,0.0,0.0,0.0,0.0,0.0,0.0,0.0,0.21667722,0.0,0.0,0.0,5.2559657,0.0,0.0,0.0,0.5882353,9,0.09531017980432487,11.175204,0
149fdbd6-793e-4565-897d-7720358cefcd,9.469158,6.372951,2.4048033,6.853576,0.0,0.0,0.0,0.0,0.0,0.0,0.0,0.0,2.3550966,1.6473639,0.5871439,1.6473639,8.751587,5.5230684,2.2441227,6.1759696,0.61538464,0,0.6931471805599453,20.575842,0
149fdbd6-793e-4565-897d-7720358cefcd,7.5932918,3.2734056,0.1744219,3.4929056,0.0,0.0,0.0,0.0,0.0,0.0,0.0,0.0,0.8235005,0.41014436,0.0,0.41014436,7.40456,3.0650558,0.25477052,3.3326373,0.4615385,1,0.4054651081081644,15.821352,0
149fdbd6-793e-4565-897d-7720358cefcd,6.5479507,1.8940145,0.5504913,1.9773484,0.0,0.0,0.0,0.0,0.0,0.0,0.0,0.0,1.0401777,0.3118462,0.14940223,0.3118462,5.914429,1.7108171,0.36967278,1.8225505,0.4615385,2,0.2876820724517809,13.502558,0
149fdbd6-793e-4565-897d-7720358cefcd,6.3329396,1.856465,0.30816785,2.4924953,0.0,0.0,0.0,0.0,0.0,0.0,0.0,0.0,0.80894107,0.2263472,0.0,0.25443175,5.7965627,1.7956021,0.32517773,2.3398843,0.3846154,3,0.22314355131420976,12.938443,0
149fdbd6-793e-4565-897d-7720358cefcd,5.2540116,0.9984311,0.37208098,1.0936724,0.0,0.0,0.0,0.0,0.0,0.0,0.0,0.0,0.57047266,0.0,0.0,0.0,5.1041303,1.2048389,0.4729945,1.3152665,0.3846154,4,0.18232155679395462,10.928615,0
149fdbd6-793e-4565-897d-7720358cefcd,4.868995,1.4558208,0.9045002,1.4558208,0.0,0.0,0.0,0.0,0.0,0.0,0.0,0.0,0.43416363,0.0,0.08399051,0.0,4.801315,1.7562928,0.9199904,1.7562928,0.4615385,5,0.1541506798272583,10.104474,0
149fdbd6-793e-4565-897d-7720358cefcd,4.8093476,2.280978,0.6329477,2.377988,0.0,0.0,0.0,0.0,0.0,0.0,0.0,0.0,0.46791208,0.23636946,0.08399051,0.23636946,4.765373,2.2525787,0.5604779,2.3551025,0.3846154,6,0.13353139262452263,10.042633,3
149fdbd6-793e-4565-897d-7720358cefcd,4.7132754,0.91501325,0.16171628,0.91501325,0.0,0.0,0.0,0.0,0.0,0.0,0.0,0.0,0.6702831,0.17894404,0.0,0.18118532,4.262886,0.52311987,0.20719016,0.52311987,0.3846154,7,0.11778303565638346,9.646444,2
149fdbd6-793e-4565-897d-7720358cefcd,4.070314,0.91501325,0.58004963,0.91501325,0.0,0.0,0.0,0.0,0.0,0.0,0.0,0.0,0.36353138,0.16923776,0.0,0.16923776,4.0454397,0.52311987,0.66559404,0.52311987,0.23076925,8,0.1053605156578263,8.479285,0
149fdbd6-793e-4565-897d-7720358cefcd,4.015929,1.2557274,0.14471246,1.4201741,0.0,0.0,0.0,0.0,0.0,0.0,0.0,0.0,0.38468266,0.122101,0.0,0.122101,3.9454293,1.206977,0.252047,1.4307098,0.3846154,9,0.09531017980432487,8.346041,0
f78a3bd6-c9a3-4299-93fe-59179dc74258,4.5760765,1.446315,0.0,1.446315,0.0,0.0,0.0,0.0,0.0,0.0,0.0,0.0,0.6958856,0.2676458,0.0,0.2676458,3.9441144,0.56535476,0.0,0.56535476,0.5,0,0.6931471805599453,9.216077,4
f78a3bd6-c9a3-4299-93fe-59179dc74258,3.696784,0.69763774,0.0,0.69763774,0.0,0.0,0.0,0.0,0.0,0.0,0.0,0.0,0.18661883,0.08947202,0.0,0.08947202,3.612029,0.60241944,0.0,0.60241944,0.4166667,1,0.4054651081081644,7.495432,4
f78a3bd6-c9a3-4299-93fe-59179dc74258,3.6770601,0.0,0.0,0.0,0.0,0.0,0.0,0.0,0.0,0.0,0.0,0.0,0.0,0.0,0.0,0.0,3.5218964,0.0,0.0,0.0,0.33333334,2,0.2876820724517809,7.1989565,0
f78a3bd6-c9a3-4299-93fe-59179dc74258,3.5050287,0.0,0.0,0.0,0.0,0.0,0.0,0.0,0.0,0.0,0.0,0.0,0.0,0.0,0.0,0.0,3.5480635,0.0,0.0,0.0,0.33333334,3,0.22314355131420976,7.053092,0
f78a3bd6-c9a3-4299-93fe-59179dc74258,3.4544861,0.0,0.49913606,0.0,0.0,0.0,0.0,0.0,0.0,0.0,0.0,0.0,0.0,0.0,0.0,0.0,3.3198314,0.0,0.45673275,0.0,0.5,4,0.18232155679395462,6.7743177,0
f78a3bd6-c9a3-4299-93fe-59179dc74258,3.3880446,0.0,0.008097862,0.0,0.0,0.0,0.0,0.0,0.0,0.0,0.0,0.0,0.23641269,0.0,0.0,0.0,3.0990286,0.0,0.011530795,0.0,0.33333334,5,0.1541506798272583,6.723486,0
f78a3bd6-c9a3-4299-93fe-59179dc74258,3.216161,0.56585675,0.0,0.7474828,0.0,0.0,0.0,0.0,0.0,0.0,0.0,0.0,0.39500558,0.0,0.0,0.0,3.0840533,0.7177507,0.010444275,0.93555856,0.4166667,6,0.13353139262452263,6.69522,2
f78a3bd6-c9a3-4299-93fe-59179dc74258,3.1436067,0.6939934,0.12066108,0.77621675,0.0,0.0,0.0,0.0,0.0,0.0,0.0,0.0,0.19234133,0.0610505,0.0,0.0610505,3.1896894,0.6530588,0.22721086,0.76492524,0.5,7,0.11778303565638346,6.5256376,0
f78a3bd6-c9a3-4299-93fe-59179dc74258,3.2229245,0.6559288,0.0,0.6559288,0.0,0.0,0.0,0.0,0.0,0.0,0.0,0.0,0.41655287,0.09830992,0.0,0.09830992,2.8833485,0.53730285,0.0,0.53730285,0.4166667,8,0.1053605156578263,6.5228257,0
f78a3bd6-c9a3-4299-93fe-59179dc74258,3.0302637,0.7561118,0.49830022,0.7561118,0.0,0.0,0.0,0.0,0.0,0.0,0.0,0.0,0.1754671,0.0,0.0,0.0,3.1121867,0.8951584,0.6152276,0.8951584,0.4166667,9,0.09531017980432487,6.3179173,0
01acd74e-0ff8-421b-9308-b175cc6b04f5,5.944565,0.25551784,0.0,0.50717574,0.0,0.0,0.0,0.0,0.0,0.0,0.0,0.0,0.68641806,0.0,0.0,0.08469324,5.5834656,0.2556153,0.0,0.40061134,0.625,0,0.6931471805599453,12.214449,0
01acd74e-0ff8-421b-9308-b175cc6b04f5,4.07112,1.0279702,0.0,1.2199903,0.0,0.0,0.0,0.0,0.0,0.0,0.0,0.0,1.1799333,0.5348059,0.0,0.5348059,3.8532588,0.6179224,0.0,0.88425785,0.5,1,0.4054651081081644,9.104312,0
01acd74e-0ff8-421b-9308-b175cc6b04f5,4.53818,1.2936476,0.0,1.8345075,0.0,0.0,0.0,0.0,0.0,0.0,0.0,0.0,0.066482596,0.0,0.0,0.0,4.4357786,1.2752975,0.0,1.803207,0.5,2,0.2876820724517809,9.0404415,2
01acd74e-0ff8-421b-9308-b175cc6b04f5,4.370681,1.4624249,0.56037056,1.4624249,0.0,0.0,0.0,0.0,0.0,0.0,0.0,0.0,0.2866225,0.0,0.15159094,0.0,4.08733,1.4448932,0.39679745,1.4448932,0.5,3,0.22314355131420976,8.744633,0
01acd74e-0ff8-421b-9308-b175cc6b04f5,3.4926875,0.0,0.0,0.0,0.0,0.0,0.0,0.0,0.0,0.0,0.0,0.0,1.6366118,0.0,0.0,0.0,3.1023812,0.0,0.0,0.0,0.125,4,0.18232155679395462,8.231681,0
01acd74e-0ff8-421b-9308-b175cc6b04f5,3.5844874,1.7061763,0.0,1.7061763,0.0,0.0,0.0,0.0,0.0,0.0,0.0,0.0,0.19779809,0.0,0.020375041,0.0,3.6726665,1.7672936,0.0,1.7672936,0.5,5,0.1541506798272583,7.4549522,0
01acd74e-0ff8-421b-9308-b175cc6b04f5,3.5820673,0.0,0.0,0.12400503,0.0,0.0,0.0,0.0,0.0,0.0,0.0,0.0,0.18984678,0.0,0.0,0.0,3.408811,0.0,0.0,0.10121555,0.5,6,0.13353139262452263,7.180725,0
01acd74e-0ff8-421b-9308-b175cc6b04f5,2.8835835,0.086144164,0.0,0.34675282,0.0,0.0,0.0,0.0,0.0,0.0,0.0,0.0,0.49657124,0.0,0.0,0.06027065,2.708949,0.086217396,0.0,0.17674299,0.5,7,0.11778303565638346,6.0891037,2
01acd74e-0ff8-421b-9308-b175cc6b04f5,3.0239737,1.2355442,1.4566345,1.2355442,0.0,0.0,0.0,0.0,0.0,0.0,0.0,0.0,0.012804443,0.0,0.0,0.0,2.980328,1.2183864,1.4382843,1.2183864,0.5,8,0.1053605156578263,6.017106,0
01acd74e-0ff8-421b-9308-b175cc6b04f5,2.86841,0.0,0.21863069,0.0,0.0,0.0,0.0,0.0,0.0,0.0,0.0,0.0,0.20837373,0.0,0.104017235,0.0,2.6342754,0.0,0.06455453,0.0,0.375,9,0.09531017980432487,5.711059,0
